0.170302152634
0.120661973953
0.0488288402557
0.0378289222717
0.0365500450134
0.169079065323
0.175406932831
0.18431186676
0.18593287468
0.185544013977
0.0540409088135
0.174289941788
0.155679941177
0.0874490737915
0.15331196785
0.135317087173
0.20941400528
0.146766901016
0.144148826599
0.199947118759
0.164039850235
0.146231174469
0.203408002853
0.0527510643005
0.111386060715
0.131785154343
0.0665419101715
0.162628889084
0.170653104782
0.157434940338
0.146125078201
0.0539619922638
0.166090011597
0.0352308750153
0.169856071472
0.0609059333801
0.102435827255
0.156682014465
0.0727410316467
0.164690971375
0.0872218608856
0.163642883301
0.0712230205536
0.122120857239
0.179535150528
0.165885210037
0.156835079193
0.145731925964
0.0570759773254
0.143142938614
0.172789812088
0.146142959595
0.0773270130157
0.136343002319
0.170135974884
0.135699987411
0.0523629188538
0.165806055069
0.170634031296
0.116123199463
0.161036968231
0.163255929947
0.145497083664
0.163615942001
0.177114009857
0.0192251205444
0.158503055573
0.14278793335
0.178694963455
0.0821971893311
0.0469610691071
0.147211790085
0.144906997681
0.177837848663
0.15246295929
0.0420989990234
0.12376999855
0.1733751297
0.169923067093
0.132474899292
0.157241106033
0.166017055511
0.172715187073
0.164165019989
0.160466909409
0.133887052536
0.0556621551514
0.133160829544
0.182526111603
0.147929191589
0.0572180747986
0.0478610992432
0.136672973633
0.0523970127106
0.0359029769897
0.0611369609833
0.0411789417267
0.0660529136658
0.0859389305115
0.167604923248
0.169824838638
0.0519750118256
0.178549051285
0.103983879089
0.190513134003
0.0471198558807
0.166759967804
0.150266885757
0.170387983322
0.17378282547
0.0217549800873
0.203795909882
0.154644966125
0.202344179153
0.140281200409
0.0315020084381
0.151051044464
0.117063999176
0.112227916718
0.121213912964
0.187348842621
0.169811964035
0.15501499176
0.189287185669
0.160130023956
0.212882995605
0.188377141953
0.0652401447296
0.180573940277
0.120478868484
0.105077981949
0.14555311203
0.117433071136
0.150768041611
0.130502939224
0.131837129593
0.143035888672
0.0511558055878
0.182872056961
0.147737026215
0.0688059329987
0.147472858429
0.121927022934
0.070986032486
0.138470172882
0.0545239448547
0.154323101044
0.210829019547
0.166369915009
0.142204999924
0.153882980347
0.166075944901
0.161054134369
0.0423970222473
0.16210603714
0.071300983429
0.048122882843
0.0986611843109
0.158401012421
0.0376958847046
0.165498018265
0.128906011581
0.164885044098
0.115730047226
0.184149980545
0.140087127686
0.1087038517
0.185571908951
0.0499849319458
0.163906097412
0.138689994812
0.0465490818024
0.152345895767
0.155472040176
0.118456125259
0.153156995773
0.0440709590912
0.14901304245
0.0427460670471
0.161087989807
0.168802976608
0.151113033295
0.139561891556
0.175042152405
0.17475605011
0.150030136108
0.104045152664
0.152444839478
0.0530500411987
0.161671876907
0.118223190308
0.0363349914551
0.0925829410553
0.118854045868
0.134806156158
0.0488209724426
0.161885023117
0.2054271698
0.0432331562042
0.166202068329
0.160573005676
0.143409967422
0.137546062469
0.181901931763
0.167196989059
0.196628093719
0.189567089081
0.159736156464
0.161221981049
0.138772010803
0.0372779369354
0.162739038467
0.145082950592
0.185359954834
0.149777889252
0.15296292305
0.111595153809
0.165581941605
0.146128892899
0.158325910568
0.156615972519
0.16618514061
0.19593000412
0.12441277504
0.166953086853
0.0694530010223
0.154305934906
0.159795999527
0.154340028763
0.135191917419
0.175765991211
0.175542116165
0.122946977615
0.160951137543
0.15528011322
0.152791976929
0.131330966949
0.14284491539
0.197642087936
0.162346124649
0.0481238365173
0.139554977417
0.114912033081
0.170334100723
0.058278799057
0.159539937973
0.156589984894
0.162443876266
0.16468501091
0.113096952438
0.126883029938
0.0711538791656
0.139199018478
0.14365196228
0.20213508606
0.0592360496521
0.170121908188
0.155050039291
0.162407159805
0.166908979416
0.153481006622
0.0434598922729
0.182523965836
0.0567018985748
0.176765918732
0.0652658939362
0.141374826431
0.0606820583344
0.144391059875
0.126185894012
0.182045936584
0.14071893692
0.166176080704
0.167443990707
0.123039007187
0.045755147934
0.161628961563
0.115284919739
0.120173931122
0.0449171066284
0.0480709075928
0.167803049088
0.151679039001
0.161352872849
0.140288114548
0.133290052414
0.144580841064
0.206085920334
0.165761947632
0.0716500282288
0.158952951431
0.196369886398
0.162445068359
0.246511936188
0.163458824158
0.131015062332
0.156432151794
0.137578964233
0.138876914978
0.133375883102
0.201840162277
0.118438959122
0.155483961105
0.132285118103
0.136056900024
0.0379219055176
0.149075031281
0.065906047821
0.125174045563
0.191729068756
0.155251026154
0.164571046829
0.0426969528198
0.172154188156
0.152556180954
0.104684829712
0.0549809932709
0.126441001892
0.165119886398
0.148998975754
0.213805198669
0.135530948639
0.0407009124756
0.069650888443
0.173958063126
0.140832901001
0.0500118732452
0.0544109344482
0.0418241024017
0.0553350448608
0.059070110321
0.166668891907
0.1284968853
0.135506153107
0.0459640026093
0.25616812706
0.187880992889
0.156784057617
0.16165804863
0.136452913284
0.11771607399
0.16578912735
0.0525958538055
0.0561847686768
0.146655797958
0.126482009888
0.0478940010071
0.139788150787
0.233273983002
0.150749206543
0.116861104965
0.158794879913
0.163800954819
0.0539729595184
0.151497840881
0.151874065399
0.0510580539703
0.152745008469
0.0628809928894
0.173204183578
0.200418949127
0.157787084579
0.141741037369
0.138470172882
0.052059173584
0.0698750019073
0.218570947647
0.0389220714569
0.0539820194244
0.201902866364
0.0472590923309
0.0375249385834
0.109668016434
0.16090798378
0.0445590019226
0.166538000107
0.0470139980316
0.130300045013
0.0698978900909
0.127417802811
0.196578979492
0.172285079956
0.066563129425
0.181118011475
0.152494907379
0.166803836823
0.163027048111
0.0661950111389
0.16018986702
0.151813030243
0.114128112793
0.213259935379
0.056548833847
0.119927167892
0.0602481365204
0.0578398704529
0.149487018585
0.0490601062775
0.169725894928
0.140803098679
0.142119884491
0.0376470088959
0.154247999191
0.16974902153
0.0655429363251
0.163097858429
0.0452630519867
0.0849471092224
0.155966043472
0.184741973877
0.0454959869385
0.131771802902
0.156342983246
0.133531093597
0.127603054047
0.0646739006042
0.126873970032
0.111177921295
0.0347759723663
0.096540927887
0.282857894897
0.0573079586029
0.162024974823
0.0603320598602
0.0394921302795
0.066654920578
0.0659379959106
0.146631002426
0.147285938263
0.0532290935516
0.136211156845
0.173424959183
0.144140005112
0.127684116364
0.14058303833
0.149888038635
0.153008937836
0.0417990684509
0.160136938095
0.153173923492
0.145122051239
0.142754077911
0.140191078186
0.167791128159
0.131895065308
0.139705181122
0.152235984802
0.183825016022
0.186756134033
0.183866977692
0.0561010837555
0.171180963516
0.146446943283
0.102655887604
0.0457489490509
0.0547189712524
0.173206806183
0.0678391456604
0.172770023346
0.0646259784698
0.131415843964
0.155935049057
0.145586013794
0.123904943466
0.146367073059
0.0606429576874
0.170610904694
0.0666370391846
0.157613039017
0.119939088821
0.0689001083374
0.134793996811
0.0671329498291
0.140846014023
0.174345970154
0.0440888404846
0.199451208115
0.14203619957
0.0380208492279
0.150048017502
0.176418066025
0.128773927689
0.13624215126
0.155663013458
0.0463261604309
0.146641969681
0.0380940437317
0.0471940040588
0.192576885223
0.139554977417
0.169319868088
0.160153865814
0.129044055939
0.114598989487
0.129523038864
0.164514064789
0.165852069855
0.0528960227966
0.160867214203
0.159314870834
0.012923002243
0.165997982025
0.0601699352264
0.0499629974365
0.0308871269226
0.0523090362549
0.14339017868
0.147873163223
0.177459955215
0.154261112213
0.171694993973
0.178234815598
0.0548760890961
0.149723052979
0.143515825272
0.158308982849
0.144340991974
0.0564091205597
0.141074895859
0.150446176529
0.19172501564
0.0741310119629
0.0548961162567
0.129945993423
0.152945995331
0.0354540348053
0.0443170070648
0.108052015305
0.0551090240479
0.0769140720367
0.147227048874
0.0428740978241
0.052610874176
0.18345618248
0.152768135071
0.180691957474
0.157794952393
0.148011922836
0.0550599098206
0.0373110771179
0.0587649345398
0.1092710495
0.0307829380035
0.14186501503
0.159874916077
0.158158063889
0.122158050537
0.17821598053
0.126616954803
0.167729139328
0.150976896286
0.166605949402
0.127502918243
0.153337001801
0.165917873383
0.132360935211
0.155865907669
0.126525163651
0.0447239875793
0.120816230774
0.181978940964
0.149298906326
0.166548967361
0.107821941376
0.158421993256
0.156867980957
0.15040397644
0.184416055679
0.246891021729
0.189785003662
0.215535163879
0.125761032104
0.153749227524
0.0305850505829
0.053004026413
0.0707461833954
0.0461359024048
0.149769067764
0.115151166916
0.127346992493
0.149966955185
0.163177013397
0.16851401329
0.176363945007
0.131671905518
0.132672071457
0.163891077042
0.151077032089
0.136437892914
0.126465082169
0.0362029075623
0.0543990135193
0.213676929474
0.16788482666
0.13990688324
0.176467895508
0.168525934219
0.040913105011
0.10763001442
0.146946191788
0.0547959804535
0.163670063019
0.15599489212
0.0747249126434
0.126564979553
0.150628089905
0.135702848434
0.127464056015
0.120659828186
0.166477918625
0.170634031296
0.156495094299
0.037428855896
0.162776947021
0.0774760246277
0.106629133224
0.158050060272
0.106037855148
0.160721063614
0.128077983856
0.0880331993103
0.0615360736847
0.179898023605
0.257631063461
0.156924009323
0.0580241680145
0.138005971909
0.167037963867
0.0969619750977
0.120931863785
0.238924026489
0.138732910156
0.174150943756
0.14287686348
0.164338111877
0.146811962128
0.178112030029
0.177663087845
0.0524260997772
0.0518519878387
0.0462398529053
0.156455039978
0.163763046265
0.0452461242676
0.133832931519
0.0449628829956
0.0845668315887
0.172321081161
0.0379710197449
0.174887180328
0.129971027374
0.0696241855621
0.0444769859314
0.164752006531
0.120142936707
0.121834039688
0.181739091873
0.181587934494
0.0487389564514
0.135802030563
0.16704916954
0.111644983292
0.0353178977966
0.118207931519
0.0591361522675
0.12673997879
0.0628509521484
0.139153003693
0.16828584671
0.0667440891266
0.170514822006
0.17180109024
0.137173891068
0.109405994415
0.168251037598
0.157551765442
0.112918138504
0.150493860245
0.171248197556
0.133160114288
0.045706987381
0.165340900421
0.276290178299
0.0915489196777
0.0492238998413
0.0431158542633
0.0622801780701
0.147327899933
0.0292160511017
0.149198055267
0.172281980515
0.0627989768982
0.134788036346
0.13938498497
0.092710018158
0.153305053711
0.101979970932
0.117531061172
0.161724090576
0.162451982498
0.052717924118
0.167320013046
0.0524199008942
0.0642380714417
0.1617000103
0.201260089874
0.17452788353
0.126480102539
0.153197050095
0.0544579029083
0.115269184113
0.159884929657
0.136898040771
0.134854078293
0.0478060245514
0.173401117325
0.0552790164948
0.15374994278
0.138082027435
0.158785104752
0.145690917969
0.129091978073
0.0480089187622
0.150076150894
0.156981945038
0.0625579357147
0.189265966415
0.151175022125
0.173715114594
0.153496026993
0.156402111053
0.133985042572
0.131021976471
0.154371976852
0.173051118851
0.141623020172
0.162909030914
0.13121008873
0.0952000617981
0.0607511997223
0.155821084976
0.151124000549
0.0448517799377
0.120723962784
0.152650117874
0.165948152542
0.107021808624
0.133903980255
0.145766019821
0.12159705162
0.167423963547
0.0972430706024
0.0411338806152
0.0320899486542
0.140815019608
0.160367965698
0.0839359760284
0.139981985092
0.148474931717
0.129442930222
0.16117310524
0.1448969841
0.127774953842
0.162864923477
0.0430850982666
0.140595912933
0.164397001266
0.132316827774
0.0448319911957
0.0558040142059
0.0529568195343
0.0781371593475
0.0591199398041
0.139819145203
0.152852058411
0.146603107452
0.0626528263092
0.187001943588
0.12029004097
0.138927936554
0.16210603714
0.155215978622
0.158906936646
0.0610189437866
0.0417940616608
0.136620998383
0.13153886795
0.177259922028
0.169850111008
0.163773059845
0.162472009659
0.153810977936
0.163047075272
0.102068901062
0.0590260028839
0.151009082794
0.170739173889
0.154140949249
0.142312049866
0.0401501655579
0.195974826813
0.172075986862
0.135313987732
0.107292890549
0.068234205246
0.19220995903
0.0765559673309
0.155915021896
0.18243098259
0.169065952301
0.155832052231
0.0969700813293
0.0668041706085
0.0768167972565
0.18371295929
0.171485900879
0.166302204132
0.16997385025
0.172621011734
0.161463022232
0.0414299964905
0.156450033188
0.164880990982
0.153745889664
0.0664930343628
0.154069900513
0.0416829586029
0.114046812057
0.121165990829
0.0920250415802
0.0885860919952
0.124955892563
0.153917074203
0.125852108002
0.0592179298401
0.160246133804
0.0498778820038
0.185459136963
0.177074193954
0.147019147873
0.0417420864105
0.154258012772
0.164478063583
0.0466768741608
0.123285055161
0.185291051865
0.165633201599
0.27547121048
0.0340600013733
0.171667814255
0.195758104324
0.0451908111572
0.124919891357
0.154219865799
0.157111883163
0.149681091309
0.12285900116
0.0451629161835
0.116541862488
0.119323968887
0.0954489707947
0.139771938324
0.165675878525
0.0595598220825
0.114846944809
0.18959403038
0.0347919464111
0.217000007629
0.0322549343109
0.0605640411377
0.139461994171
0.159502029419
0.127406835556
0.194819927216
0.15981388092
0.197721004486
0.181347846985
0.140045166016
0.134708166122
0.0495140552521
0.118493080139
0.13596701622
0.186245918274
0.0812978744507
0.0609610080719
0.107745170593
0.0946578979492
0.150697946548
0.136303901672
0.123067855835
0.180989980698
0.0457570552826
0.0719711780548
0.0532529354095
0.171590089798
0.120755195618
0.150553941727
0.12256193161
0.184828996658
0.168428897858
0.151117086411
0.148253917694
0.164765119553
0.0496468544006
0.130291938782
0.158084869385
0.156408071518
0.0555729866028
0.160164117813
0.17760515213
0.150410890579
0.101333856583
0.0612771511078
0.148999929428
0.172502994537
0.159561872482
0.161395072937
0.138920068741
0.155378103256
0.0881259441376
0.161205053329
0.149490118027
0.09983086586
0.114475011826
0.130445957184
0.143779039383
0.0536131858826
0.0291690826416
0.16384100914
0.159606933594
0.168650150299
0.0655241012573
0.0474979877472
0.126061916351
0.137615919113
0.157336950302
0.148744106293
0.166985034943
0.131277084351
0.141686916351
0.0327088832855
0.0616819858551
0.116064071655
0.105805873871
0.131265878677
0.152670860291
0.121738195419
0.171556949615
0.143746137619
0.161627054214
0.147150039673
0.0501430034637
0.143410205841
0.152284860611
0.0540900230408
0.0362739562988
0.156129837036
0.174746990204
0.168339967728
0.0979890823364
0.157732963562
0.175304889679
0.0452380180359
0.0694780349731
0.14292883873
0.149777889252
0.165094137192
0.0586729049683
0.162270784378
0.154018163681
0.132552146912
0.152366876602
0.0497419834137
0.143975973129
0.149609088898
0.15460395813
0.127833843231
0.085884809494
0.0545129776001
0.120546102524
0.114523172379
0.055291891098
0.104159832001
0.0888960361481
0.184795856476
0.142507076263
0.165468931198
0.140636920929
0.0459887981415
0.179478168488
0.142987966537
0.0471909046173
0.150733947754
0.120390892029
0.160691022873
0.0427050590515
0.0637049674988
0.147432088852
0.182493925095
0.179876089096
