0.237176179886
0.216351985931
0.0677819252014
0.207372903824
0.134365081787
0.271980047226
0.159760951996
0.425910949707
0.278956890106
0.121089935303
0.0633950233459
0.306163072586
0.163475990295
0.263773918152
0.121226072311
0.145505905151
0.226679086685
0.182682991028
0.130154132843
0.182636976242
0.175517082214
0.167917966843
0.145015954971
0.149322986603
0.166011810303
0.162289142609
0.218029975891
0.2823138237
0.122527122498
0.204504966736
0.16632604599
0.107737779617
0.198345184326
0.177515029907
0.107480049133
0.118875980377
0.0875148773193
0.170737981796
0.0958189964294
0.0578999519348
0.131827116013
0.499612092972
0.330002069473
0.092386007309
0.18674993515
0.193798065186
0.224641084671
0.157945156097
0.18462896347
0.0479509830475
0.0606188774109
0.187936067581
0.15381193161
0.065150976181
0.215018033981
0.149112939835
0.182939052582
0.217606067657
0.243975877762
0.240180969238
0.170866012573
0.18480014801
0.124246120453
0.164517879486
0.110627889633
0.240569114685
0.171064138412
0.225687026978
0.317276000977
0.145770072937
2.05555486679
0.123604059219
0.0759811401367
0.149837017059
0.204031944275
0.146209001541
0.0787010192871
0.28381896019
0.0627529621124
0.331478118896
0.135131120682
0.132993936539
0.163411855698
0.091325044632
0.123237133026
0.194911003113
0.064306974411
0.394312143326
0.215610980988
0.045618057251
0.140491008759
0.148707151413
0.384985923767
0.257858991623
0.0696370601654
0.128997802734
0.128157138824
0.105365991592
0.0514850616455
0.071380853653
0.251708030701
0.124135017395
0.160547018051
0.0794880390167
0.17978811264
0.547770023346
0.202933073044
0.141232967377
0.0785830020905
0.202800989151
0.141047000885
0.177031040192
0.165030956268
0.216896057129
0.185670852661
0.208827018738
0.195923089981
0.107036113739
0.138847112656
0.146044015884
0.182328939438
0.203382968903
0.192722082138
0.16562795639
0.0681850910187
0.305957078934
0.0564229488373
0.0666661262512
0.222747087479
0.164966821671
0.135542154312
0.0576210021973
0.17968583107
0.252197027206
0.359712123871
0.212602853775
0.288313150406
0.332612037659
0.144053936005
0.106254816055
0.282080888748
0.197555065155
0.230927944183
0.198128938675
0.176358938217
0.262548923492
0.215810060501
0.180656909943
0.164062023163
0.0623760223389
0.14126086235
0.144654989243
0.0818750858307
0.204113006592
0.072772026062
0.24661898613
0.271062135696
0.166345834732
0.282138824463
0.251734018326
0.0611219406128
0.0505940914154
0.136388063431
0.151981115341
0.158152103424
0.167089939117
0.153059959412
0.165766954422
1.40491700172
0.209701061249
0.252186059952
0.145306110382
0.180261850357
0.24156498909
0.142874002457
0.132856845856
0.157800197601
0.21213722229
0.0862550735474
0.117828130722
0.203705072403
0.107308864594
0.140524864197
0.0387589931488
0.0856549739838
0.162896871567
0.310365915298
0.0795888900757
0.182340145111
0.189425945282
0.154479980469
0.166264057159
0.171799898148
0.0937600135803
0.133089065552
0.0821068286896
0.204233169556
0.101468801498
0.214120149612
0.150938987732
0.510623216629
0.273021221161
0.233592987061
0.124217033386
0.149729013443
0.27304315567
0.175673007965
0.260814905167
0.192806005478
0.143373012543
0.12522983551
0.152914047241
0.177254199982
0.199764966965
0.0726959705353
0.200054168701
0.182994842529
0.258708953857
0.18668794632
0.0706379413605
0.152702093124
0.205840110779
0.2131690979
0.241865873337
0.172785043716
0.178377866745
0.132287025452
0.159801959991
0.0704550743103
0.309629917145
3.03100299835
0.231211900711
0.225536108017
0.230293035507
0.0874807834625
0.224652051926
0.176159143448
0.27792596817
0.0703160762787
0.279414176941
0.20997095108
0.173175096512
0.0839509963989
0.328085184097
0.190216064453
0.207748889923
0.235721111298
0.244109153748
0.281665086746
0.18487906456
0.215554952621
0.0407071113586
0.114322900772
0.201378107071
0.0619440078735
0.191625118256
0.153514146805
0.18873500824
0.165924072266
0.26939201355
0.123991966248
0.194144010544
0.254260063171
0.317983150482
0.153418064117
0.202826023102
0.13787817955
0.281868934631
0.214630126953
0.251728057861
0.181809902191
0.135831832886
0.0803320407867
0.162847042084
0.0599370002747
0.133143901825
0.174852848053
0.0810070037842
0.129466056824
0.0318369865417
0.247673034668
0.16659116745
0.15424990654
0.186640024185
0.313490152359
0.137274026871
0.143470048904
0.281638145447
0.0534379482269
0.16984295845
0.168175935745
0.217777967453
0.102788925171
0.159608125687
0.0411229133606
0.173520803452
0.15260386467
0.166002988815
0.0780341625214
0.154979228973
0.210722208023
0.0735499858856
0.204442977905
0.133812904358
0.161803007126
0.144280195236
0.152632951736
0.140064954758
0.0516119003296
0.170540809631
0.164284944534
0.234441995621
0.200982809067
0.176918029785
0.0716600418091
0.158457994461
0.264349937439
0.151580095291
0.18514418602
0.180193901062
0.180935144424
0.200875043869
0.0631508827209
0.13002204895
0.20818901062
0.192461967468
0.0725088119507
0.201374053955
0.200915813446
0.185849189758
0.702082157135
0.172240018845
0.174857139587
0.154460906982
0.144391059875
0.157632112503
0.209402084351
0.19747877121
0.085266828537
0.174577951431
0.163867950439
0.183943033218
0.274132013321
0.169940948486
0.0588119029999
0.255560159683
0.142878055573
0.18371796608
0.15784907341
0.159533977509
0.171880960464
0.177463054657
0.0765390396118
0.0888748168945
0.122009038925
0.106715917587
0.191046953201
0.0615849494934
0.235471010208
0.288311958313
0.171616077423
0.0495810508728
0.474622964859
0.155923128128
0.143927097321
0.263046979904
0.169868946075
0.0448701381683
0.0684990882874
0.198446035385
0.169147014618
0.0951991081238
0.180692911148
0.183475971222
0.126322984695
0.16804599762
0.140134096146
0.0494339466095
0.0990970134735
0.175201177597
0.292495965958
0.137808084488
0.163904905319
0.144202947617
0.276187896729
0.0533821582794
0.155757904053
0.192481994629
0.144139051437
0.150903940201
0.164418935776
0.303092002869
0.197720050812
0.0898039340973
0.177700042725
0.173923969269
0.0913269519806
0.217587947845
0.138230800629
0.222934007645
0.187779188156
0.175714015961
0.174046039581
0.168548107147
0.172679185867
0.146019935608
0.261898040771
0.179314136505
0.148581981659
0.192082166672
0.23646402359
0.0440289974213
0.0552949905396
0.33683013916
0.145643949509
0.289118051529
0.221660852432
0.165995836258
0.206418037415
0.204663038254
0.047012090683
0.15837097168
0.114259004593
0.0883340835571
0.0950610637665
0.491266012192
0.234299898148
0.152754068375
0.162615060806
0.231294155121
0.124850988388
0.27783703804
0.223325967789
0.118953943253
0.221214056015
0.177641868591
0.160057067871
0.285481929779
0.165750026703
0.0651769638062
0.102691888809
0.285152196884
0.0685470104218
0.263391017914
0.0911281108856
0.0870289802551
0.191707134247
0.455253124237
0.219415903091
0.223589897156
0.188787937164
0.192366123199
0.129352092743
0.257020950317
0.145301103592
0.170692920685
0.158588171005
0.163642883301
0.10869383812
0.131088972092
0.148427009583
0.123108863831
0.188011169434
0.145164966583
0.220082998276
0.236718893051
0.0916681289673
0.291164875031
0.18258690834
0.0667078495026
0.157422065735
0.167577981949
0.364057064056
0.143129825592
0.14262509346
0.1820499897
0.234365940094
0.297527074814
0.205163002014
0.195573091507
0.273090839386
0.225974082947
0.186795949936
0.0763862133026
0.522260189056
0.335541963577
0.171230792999
0.220425128937
0.250494003296
0.167181968689
0.198303937912
0.163779020309
0.0965008735657
0.177648067474
0.271295070648
0.111842870712
0.178634881973
0.190869092941
0.202005147934
0.193444013596
0.144767999649
0.2044069767
0.139481067657
0.176438093185
0.359899997711
0.157047986984
0.195822000504
0.153367996216
0.132719039917
0.171519994736
0.283826828003
0.103591918945
0.0440759658813
0.159425020218
0.0847949981689
0.0886681079865
0.206789016724
0.197561979294
0.281300067902
0.345597028732
0.253329992294
0.155150175095
0.302170038223
0.206910848618
0.170706033707
0.164343118668
0.301227807999
0.237915039062
0.313019037247
0.196683883667
0.143467903137
0.0483570098877
0.185964822769
0.185354948044
0.195890188217
0.150924921036
0.207725048065
0.133923053741
0.102485895157
0.17905497551
0.188149929047
0.283948898315
0.154191970825
0.151803016663
0.152626991272
0.228219032288
0.27933716774
0.169230937958
0.0893549919128
0.100161075592
0.208771944046
0.190435886383
0.160753965378
0.172917842865
0.168251991272
0.215864181519
0.16764998436
0.27560210228
0.152381896973
0.059898853302
0.281257152557
0.11612701416
0.0972940921783
0.249991893768
0.243968963623
0.163772821426
0.154963970184
0.178460836411
0.118510007858
0.2275390625
0.148420095444
0.269682168961
0.0699381828308
0.246826171875
0.197072029114
0.131587028503
0.27165389061
0.0623760223389
0.121454954147
0.165739774704
0.191614151001
0.363443136215
0.227792978287
0.191723823547
0.161442041397
0.153282165527
0.132540941238
0.113698005676
0.16345500946
0.0606789588928
0.12093091011
0.122791051865
0.162139892578
0.153961896896
0.221468925476
0.18364906311
0.208857059479
0.177186965942
0.22424697876
0.23868894577
0.0634708404541
0.308619976044
0.235838890076
0.0685479640961
0.224622964859
0.155599117279
0.271557092667
0.167004108429
0.0788629055023
0.11761713028
0.0853068828583
0.166437149048
0.0626530647278
0.150820970535
0.0743329524994
0.201559066772
0.121464967728
0.164677858353
0.167053937912
0.192957878113
0.289843082428
0.344243049622
0.225902795792
0.309857845306
0.244416952133
0.138351917267
0.265169858932
0.173784017563
0.150665044785
0.225188016891
0.176886081696
0.224804878235
0.129092931747
0.157488107681
0.105998039246
0.180903911591
0.0885670185089
0.0705480575562
0.185339927673
0.224189043045
0.114146947861
0.136052846909
0.16835308075
0.19781088829
0.155848026276
0.0688719749451
0.204041957855
0.182570934296
0.197963953018
0.0727431774139
0.255259037018
0.189179182053
0.232932090759
0.166651010513
0.0476500988007
0.213203191757
0.189645051956
0.115350008011
0.181133985519
0.195217132568
0.26762509346
0.153512001038
0.190946817398
0.08660197258
0.242696046829
0.0734970569611
0.234116077423
0.102662086487
0.134262084961
0.178114175797
0.224591016769
0.259226083755
0.0445780754089
0.154412984848
0.140151023865
0.170203208923
0.185722112656
0.289548158646
0.182525873184
0.0950951576233
0.143244028091
0.191442966461
0.0820100307465
0.166250944138
0.196180105209
0.0621910095215
0.201009988785
0.249667167664
0.168011903763
0.0561189651489
0.350140094757
0.214462041855
0.187146902084
0.345273971558
0.269690990448
0.199980020523
0.157574176788
0.14267206192
0.222402095795
0.0666060447693
0.114331007004
0.179519891739
0.189086914062
0.045117855072
0.157023906708
0.035896062851
0.0836970806122
0.0514750480652
0.125069856644
0.0809891223907
0.166444063187
0.315582036972
0.127323150635
0.168949127197
0.189164876938
0.177735090256
0.186043977737
0.189166784286
0.162375926971
0.0650088787079
0.18781709671
0.0754158496857
0.198146104813
0.182319879532
0.154308795929
0.0454668998718
0.170225143433
0.170669078827
0.118027925491
0.137420892715
0.170190811157
0.0923910140991
0.0636661052704
0.118391990662
0.101219892502
0.187031984329
0.146339893341
0.112606048584
0.385403156281
0.189723014832
0.167945861816
0.180485010147
0.139795064926
0.16509604454
0.215875864029
0.205300807953
0.190113067627
0.219981908798
0.207422018051
0.178682088852
0.254910945892
0.216807126999
0.28321814537
0.196267127991
0.19095492363
0.131686925888
0.0862400531769
0.34947013855
0.164689064026
0.223433971405
0.184092998505
0.192625045776
0.0483469963074
0.0492460727692
0.207235097885
0.268539905548
0.246738910675
0.179165840149
0.221303939819
0.0730059146881
0.401586055756
0.189229011536
0.174515962601
0.1664249897
0.155524969101
0.250124931335
0.239372968674
0.0891849994659
0.0777640342712
0.233298063278
0.228372097015
0.209877967834
0.140832901001
0.120388031006
0.273396968842
0.125725030899
0.16141295433
0.243004083633
0.169955968857
0.250816106796
0.17727804184
0.155373096466
0.0913920402527
0.28693985939
0.23402094841
0.198788166046
0.221519947052
0.11968588829
0.145038843155
0.125070810318
0.209825992584
0.23606300354
0.224853992462
0.172538042068
0.161570072174
0.118741989136
0.225724935532
0.224298000336
0.0676400661469
0.200647830963
0.153949975967
0.159070968628
0.187910079956
0.166132926941
0.170592069626
0.192573070526
0.351672172546
0.0717270374298
0.0370168685913
0.16552901268
0.183726072311
0.182678937912
0.165480136871
0.121412992477
0.180973052979
0.172508001328
0.16046500206
0.0403108596802
0.212182998657
0.165739059448
0.195333957672
0.22741985321
0.17946100235
0.230924844742
0.196990966797
0.346484899521
0.257301807404
0.119429111481
0.195782899857
0.163557052612
0.167756080627
0.0488550662994
0.154804944992
0.296956062317
0.152106046677
0.0627999305725
0.286335945129
0.169266223907
0.104562997818
0.15926194191
0.0689370632172
0.198912858963
0.132184028625
0.105409860611
0.0574080944061
0.28173494339
0.198199987411
0.239087820053
0.157911062241
0.147453069687
0.120510101318
0.311709165573
0.179219961166
0.202305078506
0.184524774551
0.24894118309
0.201292037964
0.365311861038
0.209937810898
0.0583789348602
0.161231040955
0.282185077667
0.206295013428
0.114691972733
0.214632987976
0.134847164154
0.209851980209
0.243901968002
0.220916986465
0.187288999557
0.265763044357
0.13818192482
0.148416996002
0.141805887222
0.159100055695
0.128947973251
0.186057090759
0.0344879627228
0.122514009476
0.148138999939
0.158346891403
0.278443098068
0.159543037415
0.147607088089
0.052472114563
0.120313882828
0.164016962051
0.192409992218
0.117804050446
0.196365833282
0.175508022308
0.332978010178
0.109238862991
0.105360031128
0.211726903915
0.152111053467
0.12699508667
0.185266017914
0.169979095459
0.201396942139
0.146812915802
0.130341053009
0.210365056992
0.162994146347
0.195897102356
0.183233976364
0.158396959305
0.149580001831
0.233773946762
0.119843006134
0.257354974747
0.249368906021
0.140235900879
0.148616075516
0.261649847031
0.0681159496307
0.182312011719
0.155030965805
0.265331029892
0.299299955368
0.187517881393
0.162491083145
0.0494141578674
0.20623087883
0.126898050308
0.180637121201
0.198409080505
0.146013975143
0.213624954224
0.190834999084
0.304661035538
0.188352108002
0.144893884659
0.174948215485
0.160611867905
0.162826061249
0.155241012573
0.186092853546
0.151514053345
0.214787960052
0.138969898224
0.0684680938721
0.338533163071
0.0532681941986
0.20582485199
0.184189081192
0.149313926697
0.260066986084
0.144391059875
0.03635597229
0.175497055054
0.178686857224
0.233876943588
0.15550494194
0.0606150627136
0.212188959122
0.0846321582794
0.202060937881
0.153730154037
0.0748720169067
0.0754458904266
0.155266046524
0.158392190933
0.195279836655
0.110172986984
0.251862049103
0.166477203369
0.12842297554
0.28191113472
0.0779099464417
0.170120000839
0.163022041321
0.258633136749
0.0703620910645
0.167776107788
0.089094877243
0.181699037552
0.268624067307
0.218078136444
0.150987863541
0.0953831672668
0.109230041504
0.259968996048
0.0573599338531
0.29344201088
0.143039941788
0.239706993103
0.172188043594
0.162304878235
0.166755914688
